0
-1390211102
104729682
-1218960388
1821837669
-766626849
-1794236594
1639156319
-445205809
-839217330
-916715847
-2042551260
-1276622999
37179860
566939260
-1006299656
-1692570373
1513037192
-1253537214
1635400590
350610964
-2033358268
1872874613
-1995299508
-1910863374
991095758
1304293199
-2057848456
-1566264398
1744848292
-1721006956
-56895484
1493799706
2013168269
614755985
739479699
1566637109
-1985152171
-2077139804
575648896
1000312747
-1443063930
1234478967
-118107378
-1726194530
226532336
1009046688
228785117
1832545583
1222479326
-1858117968
971045781
958335225
-2009133480
595377597
169289698
1046338692
-977406289
-1462823790
-211797344
-1266376300
-23040241
-411740035
-2010173462
-42968461
1734225935
-374520763
-1414686817
-665407120
-1638686302
806283857
-1010937655
-1821469266
-586214410
-495106450
-376425599
1008975596
673440034
-6831095
413975762
-842966369
2104484277
-1969665310
1550823151
1585497524
12599474
-1215166267
-69968178
1256840960
650339986
367647637
-1551378764
1601384080
-566860657
-1189481781
-1909622035
5297602
-1220738248
1603074716
-1429841191
1331821176
148133691
-1751784191
-1054131243
1345135852
340821581
-496095990
-1802865212
165466950
651637532
-718454828
64717024
-1490135107
-1194796442
933989044
674949790
-1807356632
-1962130480
558139470
1898070678
-1705260342
-1037039834
325846422
-1099927310
-113843808
-11073126
302758792
2016922892
2120930268
1994767800
-1180744932
-1538771856
-1706057282
82238672
1392858476
-110342174
1923773836
1059012448
-453100978
-263051906
-218109380
-2067174008
1129331536
-770176252
-628548158
200439246
462153570
-998767934
-943335534
-328036020
-9769758
-745764998
1101465144
679286536
1824868998
-114637118
-1102195952
-1295762230
-753298168
567232316
-1487107892
1915625874
-1767502504
790296132
1540851768
1125752116
286343862
-136341464
798328406
-164474880
-1885209716
1169921516
1748979364
1288990010
1325866956
-800709848
937444406
-217990396
1957781308
902674006
-1257645186
1995063598
96554192
-240399316
-796048130
1040981668
-611473902
1345448988
1221557806
2012150172
-1782154852
1614077956
-1698891524
243300784
-1975854544
-499381600
-261946418
-1810353316
-1303919700
895205270
221647404
791306916
-1778922338
1103262924
940374626
-2085501639
886845693
1627493757
584723551
-1705388991
-324488794
1142664638
-802368703
-982283879
1570549378
-681406885
1988410203
-2084584482
1287964668
607186615
1636088527
1629175715
-2078198218
814477990
-787465664
-719783290
-1329733307
-591800813
-698264223
530099563
1053433156
-1092889031
791011287
594009803
868138726
-56999800
515008942
1056758529
111282437
586308049
1163601803
593209318
1987688704
-63532076
1979933848
-1456092851
1593587404
1683113116
-1980440605
-1537841739
-1953323752
459458822
856763075
-1251144498
-2000798008
-1766282609
-865088772
441060471
1945376721
-799799401
696027220
2090853370
-905774887
351280244
1672079999
-1084358536
873965070
-793615669
-1496546993
-893812633
1400140406
1519537002
-63693393
1459177061
-1947104943
-1097917252
345548229
-1239734945
-849619340
-2033582738
284207517
-1670879033
1539894593
-2087016710
1246252993
-401577147
-1762215154
-1833589030
414161355
1742754993
-1060227620
1702590163
-1722326957
-1590725386
-1021275424
1183321306
1945418549
-1793588003
-189341442
-560279148
-1618815146
-2062262440
-573822268
-118542065
645627154
-1223096989
-66420649
1193161737
-358694188
960754843
-2044494522
614580440
1751291266
-1522924527
790431531
1511147945
2049107074
-481616730
-378855122
-533214653
455825691
-311019130
-1443904181
-1559819812
716411054
-1838798176
721010398
1151606155
786880179
947918290
-1352957343
-528276032
403724013
-1591956381
-978127745
-826264352
67416329
-1408960319
200998534
1741108849
31571451
457936113
-209735666
-932934264
-700632068
1469756439
-2058517163
-1772685752
-1076189008
890247631
657733465
-981794468
1023490430
-1195499544
1635073611
1571307860
-779558691
-555034792
-1523193676
1096284444
-843631622
1646543758
332175721
-181614529
369291092
-2092877851
1191208168
1752331637
-338339276
-765084122
441574180
-1095986600
-1218436830
-115242327
1969462900
441074777
-761407967
-2051109077
395842142
1754597064
1435683630
-1210760988
1694150205
787462367
-471631791
1312530696
881379398
1501217049
2077561534
1449363650
-1611735773
187792557
1187800579
-46390411
-724705283
1872009141
1801348080
1638523739
-409223593
-1913370661
-519750884
1755813435
-1473146281
510441740
1166809061
-1826451005
2014924461
1621510687
-1270677465
-710723178
581695342
-194347563
-1626636602
1909613752
-1223639693
-1273117365
-1454501113
-773102454
1680641172
-1859288633
-2065199340
1714005468
1452331489
1921044299
-786644251
-2076175166
-1737003639
351917688
-73270160
1223136782
-203887320
-300643412
599985200
2073103936
-693547356
279897024
-4743646
1950780810
960932454
335913978
-1003564192
63329120
-2027668120
-51377246
236724314
1575056078
-1984208514
694397464
-825325796
103215976
1439372178
1044956498
978998544
-1092396660
988657112
396804520
-1201891320
2054917260
-1249130726
-1154546126
-685864952
1328093748
1664176188
1294721254
1092495970
1830608232
-112537808
131592816
-1258260662
386667080
1045260886
891399622
-1028506
-1658133334
88947154
719157560
-93550440
1519814516
738424180
1231552468
-2021231162
-1255152674
-1689954728
-54967710
-1768876496
535228404
1240169366
-1075316934
658529886
527809464
1109959060
589023418
1345770954
1367950588
-1454539750
-739507504
1207886082
1985291080
-906590892
-1473822152
1886128758
2089689022
547329574
-1426081020
1683988716
-1882795754
1788355002
748073354
132843498
690510320
-1219365886
-740243502
-1698095424
578842716
2080595168
-1294218332
-853070552
-878911306
-1449869971
1561181815
-692792756
32230616
-992969652
4448377
-1879997323
1247214182
13334855
2139593821
-1918024631
-313550487
1534799712
-1874966123
1051803743
352257724
-1133653930
-647506034
193217382
-309318385
362267856
351245848
2017323646
-947631260
-2044124648
855733779
1213909303
1006965164
2136789313
2136295903
-1534931212
1394946946
-349023091
-933183585
1110603051
-1409300872
1426214617
-2006972449
-1925810097
-1499071118
333262492
270817925
-756474323
-1882581747
1990369838
-1281961481
1864324174
-837447990
-239090020
-136486428
-88915916
286796232
1317098819
-1022426210
2073637337
-2118361026
-605655341
-1922855273
-1771354278
-198340170
-1595931416
-1815406543
-1051232418
454781481
-1880601063
198713988
2019239527
-1136293978
-1143135377
1491556185
1924588270
-432416460
-1912102414
1114573378
-645635046
657437809
-46469212
727729077
2136502293
-991352183
-973893405
1250076438
416932180
-175916573
-1553968599
-474734926
1983290806
421599177
-1992463778
-2114659419
-1117849740
-196053795
-563469317
841474985
-1527800135
-350203839
-1205793102
-1099948750
-1347288316
1019258990
364542172
-367949364
1754973728
1067261309
484489027
-1380046640
-1624396142
-1646893159
1444778806
1949683795
-1540465140
-1845338828
