1874919424
95292412
-898622158
-956831788
170634356
-1461266850
-1107725590
1780974012
-735568366
681869574
-1707680542
1634275704
-1129104986
-260435480
1192048676
279266470
-1553875858
1531370680
-1707393026
-939172768
1380506496
-1400648694
1342942408
-1140174476
1970970984
119877648
27045740
-80069478
-1877375364
1645530812
415286524
1634221230
-284705448
2051599772
-1048717050
-2003038020
-1724405932
-1031927880
-651122834
-1214278582
1034149298
1352260002
-614775414
-835108046
519451090
-926981264
-869880108
790355465
-52037176
1176269277
547365550
-1483458520
-78189006
1098526425
-1531179423
1426007408
-2025666160
1973101598
1596532732
-2012060127
964215117
-1049493238
1929331770
-1509665940
-1220619476
138237564
-11120175
127856298
-1864253411
261445751
-53297070
-699674825
507602483
1534692477
422932100
-416858210
1499987609
141368695
-1862398829
-1809208971
-1220832861
-1548658278
120563812
-1820903461
-27674090
28222489
1531436611
-857318776
472813830
312271620
2105140433
768511663
-128428737
-1250088558
1094672705
2066843374
1181356881
-1988685998
777101144
575764542
1444953648
-1112748611
1344171914
130545372
-501560479
-543564145
63737045
1429302039
-583991118
-1475318166
-991690089
1166129894
1047770123
-957708354
-122709674
-266907299
-873248636
-1383833034
-1200826550
312619273
-463522552
1477820943
-1704943986
-638240550
1200970154
369150246
2045175524
-1445448390
-566765510
1361905855
1049918441
-470696097
-2141156664
1418069702
-1568536087
-1377809434
-1148612728
297059240
-136832099
-1231413376
-1748847457
-433316211
-306972369
-80991204
1548474308
1604336823
1417518444
-1963975942
1403817229
87451
-507039590
1263665207
-1889430044
17987739
-204560182
-1153539519
-1422336890
397740537
1421497890
-1236180073
-1871394339
922866592
-39240276
937424650
953148072
1397267177
-642762874
502535715
1903797756
621754121
-1998795515
-329976140
-1641698865
-332848134
592892193
-1884014678
2084956882
855671713
-54943531
555281957
-427216068
-1842779432
1740497503
-1449041320
-1732878296
1951938922
2051832147
-424400782
-201513163
-623668325
-770491816
247010286
-1009463812
578445619
1504949322
-1770894259
58788521
-915015342
245638490
-150108061
-1537933003
900750306
-941987364
1963272759
1422656156
2082867493
-44540022
-404185086
1217354778
690662895
-1867457512
-2094853988
25174858
163018691
-1768165469
-1613303559
433815939
-170297602
565230789
-2015056069
261066022
-1672085638
240826299
1110582640
282477265
1335523616
-803234585
1615331957
-903107870
-737375761
1078650116
-849753186
900966786
802091755
1846733581
-1630763719
1814257879
2081349785
1883987224
-431000788
2000776777
-1209217251
951578293
-2053521802
638559527
-1659668157
1762760947
64954313
-491767129
1980668389
701497887
1695349700
-1978162747
-160264320
46657083
48276060
1167825054
350565243
-1246832384
1743167810
1718560187
-417893984
445846419
745689278
1125808541
2143183024
-27856084
-711199754
385669395
-828781659
54315718
-1236078252
-471474466
-2104146964
-2087677510
-762262114
1439860776
-300943268
1987787482
-994527900
-1462133056
-313087194
1460329812
-1523680134
-1856884984
-816170342
226093308
-198241634
641584712
1085032058
-625036214
-2047639524
-838891490
952798388
1181467370
1898351880
761747778
-373250356
250097960
-4963850
421079350
-1306076136
470202990
-1577485628
-1990902478
293848318
1946212608
-463942938
-1876482708
-1625980556
853180942
1731786648
1375676866
50743464
-2077096708
-646951118
12139964
-233891232
-1619093874
-182507814
-653032088
730487664
-960556600
2130364512
580220104
2046240654
1201240226
1208556166
837260368
-1242750320
2129313486
835472852
1838871704
-880831584
-557487858
886888698
1432247362
-1039297128
-153318190
1777274962
-1952564092
-964941494
2136456516
356558560
-510952686
936769950
1712027346
-1268159862
1703158918
-1236556348
-569336104
243897126
1943543996
881749222
1907668228
1187972060
-907867418
192815046
381377902
-246814434
-1686938927
270682384
1156118522
705178448
-1435100325
-1411019640
248318326
-1368506537
1625128055
-150384471
1019367285
-121441332
-323508978
-716776134
1780051972
1575154331
1584022522
345126258
610423626
756010285
-922321354
-1913514917
214390512
-775058397
1688730887
1214224417
-76762612
-138353646
-1294923661
-1650502655
616926457
-1333829966
-1531655699
1627697539
1087341356
-1690174456
-1017116473
135250173
-1272676985
241830283
1504701937
-724248843
-1160637565
1120349747
-1610244245
35428470
-1796937916
-2138246535
-375075458
-248880041
-1265254704
1306876612
-743793350
1494637018
-301633383
-1626504912
1971958799
2007472237
-1468786884
132676252
-1829271197
1134212753
283075638
-285984387
-818508914
-1606428453
1307793051
-1047818244
-509077807
-1839512253
-1254617018
694151788
-879708494
1983040260
23527929
1125440408
251178135
917625825
-1982779921
-706273888
-426622426
-2054307397
2059391156
-1941422959
2123301554
340980306
246962524
760724425
776770848
-834395216
-930333388
-685626260
-1295935650
317943243
-1373839490
965630490
1771212279
-243435085
-2084864999
-773821455
-1934183078
1682865233
135054328
649763397
1855211427
-1923579330
811050103
75687476
-1233413989
-224238626
1697023655
-1173023022
-1654111497
-1156148088
-1088278037
1437081693
720340254
-344398460
1141728672
-506592005
1916983584
-1553316486
600322091
-1569377412
-819082372
1516339052
-180222310
1372743742
586552830
478150835
-213801204
1561992623
285544560
-953566145
954851696
552644076
994156287
1162304076
-35488362
628647148
2114053874
-887486780
-770925774
1508174559
729562349
294149598
-659941325
1333502088
1184822452
-1865667167
48219002
1944634310
-1120470747
-1167522746
1232758204
1255241815
-1588765784
844353104
-438372415
-1500831466
1638161583
120855591
-1978747805
-538915000
20761295
-374864605
-1750592158
214954168
1305279354
1651770854
1439577150
908448222
353570559
126396629
635468715
-1947730239
1491904888
-1345830500
-1225977236
-1737356282
-2111911163
-1518893089
935914962
1916000507
-1850147997
-683382626
-2017916997
-335811781
1358925510
131005006
1704512086
-1011213018
2143904901
-73327656
-1653972418
-811108235
20849224
-1518212309
876498402
700497617
115513544
1360194565
-1839190237
1501680070
971092149
-878351567
-1414031031
2077287137
-494864565
-1959303913
642535941
1762202296
229679636
-746063877
2128494389
-652940709
-1331189892
-650890670
729941216
-2054560220
-897755434
-489825309
-1137432955
1236736449
-2085442274
1742646388
-111848302
1083821212
1268677626
768294054
223670
-525612562
-206547378
1653202016
1547926546
360710452
-931194838
-1256038930
552749842
1461909978
-1466382590
1810681186
-42910704
-1087011048
420115082
2022045644
1359414572
465115002
1469558178
-1989044676
1005328090
-8000224
1788488078
425911242
-1376008056
-798719778
780333812
2082823198
1929659428
-758887958
1626851622
-383755956
1018176918
856366622
-1450704392
-2089729434
-1442464018
209279628
-1611306572
1603860846
